19 7
19 8
19 9
18 9
18 10
19 10
19 11
18 11
18 12
18 13
17 13
16 13
16 14
17 14
18 14
19 14
19 15
19 16
19 17
19 18
19 19
18 19
18 18
18 17
17 17
16 17
16 18
17 18
17 19
16 19
15 19
14 19
14 18
14 17
13 17
12 17
12 18
11 18
11 17
10 17
10 16
11 16
11 15
12 15
12 14
12 13
11 13
11 14
10 14
10 13
9 13
8 13
8 12
7 12
7 13
7 14
8 14
8 15
8 16
8 17
8 18
7 18
7 19
6 19
6 18
5 18
5 17
5 16
6 16
7 16
7 15
6 15
5 15
4 15
3 15
3 14
2 14
1 14
1 15
0 15
0 16
1 16
2 16
3 16
4 16
4 17
