1 7
0 7
0 6
1 6
2 6
2 7
2 8
3 8
3 9
2 9
1 9
1 8
0 8
0 9
0 10
0 11
1 11
1 12
2 12
3 12
3 13
3 14
2 14
1 14
1 13
0 13
0 14
0 15
0 16
0 17
1 17
2 17
3 17
3 18
4 18
5 18
6 18
6 17
7 17
8 17
8 18
8 19
7 19
7 20
6 20
5 20
5 19
4 19
4 20
3 20
3 21
3 22
2 22
1 22
1 23
1 24
2 24
3 24
4 24
5 24
6 24
6 25
7 25
8 25
9 25
9 26
10 26
11 26
11 25
11 24
12 24
12 25
12 26
12 27
13 27
13 28
13 29
13 30
12 30
12 29
11 29
10 29
9 29
8 29
8 28
8 27
7 27
7 28
6 28
6 29
5 29
4 29
4 28
5 28
5 27
6 27
6 26
5 26
5 25
4 25
4 26
4 27
3 27
3 28
3 29
2 29
2 30
1 30
1 31
0 31
0 32
0 33
1 33
1 32
2 32
2 33
2 34
3 34
3 35
2 35
1 35
1 34
0 34
0 35
0 36
0 37
0 38
1 38
1 39
1 40
0 40
0 41
1 41
2 41
2 40
2 39
3 39
4 39
4 40
3 40
3 41
3 42
4 42
5 42
6 42
6 41
7 41
8 41
8 42
7 42
7 43
6 43
6 44
7 44
7 45
7 46
7 47
8 47
8 46
9 46
9 47
9 48
8 48
7 48
7 49
7 50
7 51
6 51
5 51
4 51
4 52
3 52
3 51
2 51
2 50
1 50
1 49
1 48
2 48
2 49
3 49
3 48
4 48
5 48
5 49
5 50
6 50
6 49
6 48
6 47
6 46
5 46
5 47
4 47
3 47
3 46
4 46
4 45
4 44
5 44
5 43
4 43
3 43
3 44
2 44
1 44
1 43
1 42
0 42
0 43
0 44
0 45
1 45
2 45
2 46
2 47
1 47
0 47
0 48
0 49
0 50
0 51
1 51
1 52
1 53
0 53
0 54
1 54
2 54
3 54
4 54
4 55
4 56
3 56
3 57
2 57
2 56
1 56
0 56
0 57
1 57
1 58
2 58
2 59
1 59
0 59
0 60
0 61
1 61
1 60
2 60
3 60
3 61
3 62
4 62
5 62
6 62
6 61
7 61
8 61
8 62
9 62
9 63
8 63
7 63
6 63
6 64
7 64
8 64
9 64
9 65
10 65
10 66
10 67
11 67
11 66
12 66
12 67
13 67
13 68
12 68
11 68
11 69
11 70
11 71
11 72
10 72
9 72
8 72
8 73
7 73
7 72
6 72
5 72
4 72
4 71
4 70
5 70
5 69
6 69
6 70
7 70
7 71
8 71
8 70
8 69
8 68
9 68
9 67
8 67
8 66
8 65
7 65
6 65
5 65
5 66
6 66
7 66
7 67
7 68
6 68
6 67
5 67
4 67
4 66
4 65
3 65
3 66
2 66
2 67
2 68
3 68
3 69
3 70
3 71
2 71
1 71
1 70
1 69
1 68
1 67
0 67
0 68
0 69
0 70
0 71
0 72
1 72
1 73
2 73
3 73
4 73
4 74
4 75
5 75
6 75
7 75
7 76
6 76
5 76
4 76
4 77
3 77
2 77
2 78
1 78
1 79
0 79
0 80
0 81
0 82
0 83
1 83
2 83
2 84
2 85
3 85
3 86
2 86
1 86
1 87
0 87
0 88
0 89
1 89
1 88
2 88
2 89
2 90
2 91
1 91
1 92
1 93
2 93
3 93
4 93
4 94
3 94
2 94
1 94
0 94
0 95
1 95
1 96
1 97
1 98
2 98
2 99
3 99
3 98
4 98
5 98
5 99
6 99
7 99
8 99
9 99
9 98
10 98
10 97
11 97
11 96
11 95
12 95
13 95
14 95
14 96
14 97
14 98
15 98
15 97
15 96
16 96
16 97
17 97
17 96
18 96
19 96
19 97
20 97
20 96
21 96
22 96
22 97
21 97
21 98
